1935
63942
7313
62679
16285
27627
42416
39390
1245
9316
34519
31616
10274
58599
5343
44188
41657
49676
57794
11897
30843
27079
56559
37766
8832
1877
50015
44050
46372
28375
4034
3371
5634
1944
7415
35117
55963
13206
29044
24867
23465
22778
40942
60409
19753
57199
62477
12056
46292
21451
22624
53639
29099
59507
53331
31023
3162
58530
17680
61424
11008
32929
45537
62925
34937
42209
23402
56589
37108
1682
18428
36538
61600
61865
46503
24594
14013
32399
36793
54823
50392
1364
41055
39546
16488
59766
22389
9246
41408
44032
56328
788
22483
59122
52920
325
12625
1993
44603
1070
19205
28893
28924
32290
62968
64949
19904
27681
48902
42456
15596
6193
45730
20600
52140
50622
60302
35196
62756
55416
4049
8838
56090
7263
50469
22680
6782
27002
25317
38182
49233
42404
21649
36981
27495
64676
10762
32373
16209
18706
15267
4108
63202
63908
58533
48274
39207
1054
37066
51867
15651
40000
27919
32859
34425
46952
19454
23321
27373
55179
56834
1653
42284
34
30935
26733
30744
4015
23309
39306
65051
24294
17150
12907
54511
32153
51434
25850
7988
4996
47929
53222
23887
23085
40851
37733
50565
50045
58562
40579
31663
16626
34152
28869
14837
14138
13235
9470
49530
37953
20428
52236
21198
14395
9898
12549
48491
3955
23301
41077
33602
57535
3834
18943
33739
7576
59465
8957
33168
31656
27658
43586
12228
64933
22079
44207
54145
27043
30643
53397
41012
14146
38244
40642
83
24262
41659
25617
54685
25989
12050
18858
15954
45628
51662
38055
41515
59219
37677
5280
12719
26543
56443
23274
53234
38714
9621
40771
47459
4216
35119
63981
31954
18154
45563
23374
54812
41181
16930
60989
11938
23727
33198
10385
28294
56277
39087
1363
3486
39828
19583
53669
4991
1558
32166
45332
50730
53511
41684
58366
60911
10108
28267
51994
52845
56610
15484
16995
44900
16373
63490
58362
12121
19716
52463
64743
46506
31621
17005
60092
31765
35026
39683
28135
37104
40737
34781
28964
22004
26948
7998
22458
49992
40536
29864
4509
46684
58087
22864
49910
57219
34849
28178
33753
15182
22379
25185
43422
9403
48950
42820
48498
56946
1958
65334
3969
21265
49367
48397
5158
53720
4910
39527
1182
48489
37604
19012
46968
47316
27819
7194
12912
35632
20636
34800
65490
5792
11328
35327
338
46195
13180
38266
364
38828
46002
14221
6006
33238
58371
30364
35224
52682
10793
37808
61206
16687
54369
11731
11583
4763
61366
20077
34271
28368
58691
39806
22431
34546
51960
42541
46009
51925
39768
62197
22684
37120
48511
10665
35690
45288
47672
43071
19008
52881
40417
8381
17342
36963
12225
45621
17703
11181
53386
7050
35880
37312
55580
56891
50183
45388
47806
56497
56340
19890
53500
48089
18051
43796
54624
61593
16467
63848
42192
22487
15357
63030
38765
51445
26201
37571
1255
38838
65309
42726
51781
8471
10555
26267
16854
34720
13108
46349
15389
50351
45218
49721
12172
22047
9405
3109
12116
36874
17959
49341
54510
2632
59033
11622
22386
42487
25025
60431
42217
14884
50645
36526
44799
25818
4676
55430
56396
10355
22022
976
62363
39328
54037
63868
1504
47663
51352
52017
8170
52361
5267
44128
38019
42326
31131
18917
52545
18710
14554
57103
63823
5098
40154
7844
307
44919
35548
50558
39430
46891
48735
63064
36190
29519
49663
51709
37445
61566
22950
30753
53789
43196
63657
17058
14416
18045
8986
45553
26365
58835
39041
32160
62557
54825
49063
43587
58907
52257
41789
26011
6073
53569
36477
7803
55760
723
60230
22069
1856
25635
55627
239
38463
1944
17302
47221
15075
36555
14219
64687
39611
16728
27266
42428
19019
38358
12720
8337
61716
11613
30576
8030
31953
45455
14661
54793
58170
21638
57240
24610
6481
35443
56146
29653
18899
62364
47695
27708
159
58299
43673
3991
43175
59119
51592
19335
62351
36302
49020
44232
18434
30391
61317
18684
17383
23463
54170
35513
31855
5888
9946
10702
38323
24476
61312
7800
22643
2833
50760
36241
50362
9488
22772
14552
5665
8574
54800
36947
63514
62965
61618
62462
41133
27518
32960
22182
27726
31793
30381
18192
51303
59158
13723
25307
33311
14397
15396
35338
54706
37178
59170
29197
12097
22442
41761
50890
25058
14851
60504
9907
925
28494
27436
28624
38698
49788
28620
62930
38030
32320
13133
63567
15078
8394
904
41739
17806
26627
51624
54396
12283
42135
58721
5910
5145
50536
55631
40015
28959
31496
47958
33660
17099
34067
18187
26124
56630
24244
5105
38281
32234
21937
5692
61784
37401
46416
49883
61899
23034
15679
65319
59046
64631
6682
17947
20648
56066
4602
63529
16965
13736
31013
48294
23509
2454
49876
54213
64862
49820
27926
39742
56235
30943
32385
48515
10910
18748
34305
14541
55996
1826
53635
53242
1903
23532
32099
32680
9503
4248
50369
13990
62956
3341
8307
36220
61502
49786
57228
20030
61170
38551
59198
53189
34623
15015
45353
65211
48904
1083
50260
14092
36673
42572
12091
6734
19449
30882
46584
28507
54781
41044
51109
58587
13393
22719
1802
43162
42139
42677
32190
2000
21801
25139
64301
24004
16315
39871
52216
7787
9698
29778
55008
46632
38147
61187
19528
46773
25800
40258
53634
36909
5564
14227
23281
7120
17078
53038
33913
317
25919
49042
142
32359
5945
31662
55297
6875
53579
48992
29036
6225
43458
13747
17230
4361
33152
52445
22934
47286
18416
25783
29444
29298
60048
20880
65069
48718
13312
1524
3651
65298
22772
45220
62938
58763
29148
29403
24498
52800
22047
9226
56204
30902
40052
9764
7508
57694
17040
15934
59325
24673
14398
33558
26390
62605
48694
27759
52727
19127
60189
46318
22867
23335
24582
51981
38232
41081
7420
54919
15815
63981
52404
7426
25668
18115
51171
46244
31413
64784
29685
48149
24725
15585
43360
42874
56610
48284
6845
59189
55006
64974
39536
12898
49277
24031
57421
59835
54441
11567
36438
21204
58136
9428
39707
13524
17086
32721
39941
43529
27699
5303
16865
43682
21970
13
33040
63207
50584
29489
37965
2261
56636
50836
16444
43042
28660
64991
24119
38577
36986
129
55595
43171
59007
9746
32585
63700
64952
41915
39364
60071
64400
29445
22656
21304
9375
33532
13631
41009
54573
16128
24566
45097
6670
35604
40971
33196
54725
24583
25298
63809
19098
54060
43751
65008
